LLWearable version 22
[OA] Stonewashed Manshape

	permissions 0
	{
		base_mask	0008e000
		owner_mask	0008e000
		group_mask	00000000
		everyone_mask	00000000
		next_owner_mask	0008e000
		creator_id	0e524ca5-4f23-49e9-806a-52fefae5329d
		owner_id	c725eb2c-6a2e-4a82-a28c-fecd73f75cb7
		last_owner_id	60111722-460b-4d89-8010-77c99bb2db3b
		group_id	00000000-0000-0000-0000-000000000000
	}
	sale_info	0
	{
		sale_type	not
		sale_price	10
	}
type 0
parameters 142
1 0
2 0
4 0
5 0
6 0
7 0
8 0
10 0
11 0
12 0
13 0
14 0
15 0
17 0
18 0
19 0
20 0
21 0
22 0
23 0
24 0
25 0
26 0
27 0
28 0
29 .12
30 .12
32 1
33 -.88
34 -.24
35 0
36 -.58
37 0
38 .06
40 1
80 1
100 1
104 .23
105 .5
106 0
107 0
151 0
152 0
153 1
155 0
156 .23
157 .23
185 0
186 0
187 0
188 0
189 0
193 .5
194 .67
195 .33
196 0
505 .5
506 0
507 0
515 0
517 0
518 0
626 0
627 0
629 .54
630 0
631 .08
633 .16
634 .16
635 .16
637 .16
646 0
647 0
648 0
649 .5
650 0
651 0
652 .5
653 0
655 -.1
656 0
657 0
658 0
659 .5
660 0
661 0
662 .5
663 0
664 0
665 0
675 0
676 0
677 .34
678 .37
679 -.1
680 -.1
681 -.1
682 .44
683 -.2
684 0
685 .06
686 0
687 0
688 0
689 0
690 .5
691 0
692 0
693 .6
694 -.1
695 0
753 0
756 0
758 0
759 .5
760 0
764 0
765 0
767 0
768 0
769 .5
770 .1
772 .1
773 .55
794 .17
795 .25
796 0
797 0
798 0
799 .5
841 0
842 0
843 0
853 0
854 0
855 0
879 0
880 0
1103 0
1104 0
1105 0
11001 0
textures 0
