LLWearable version 22
Default Shape

	permissions 0
	{
		base_mask	00082000
		owner_mask	00082000
		group_mask	00000000
		everyone_mask	00000000
		next_owner_mask	00082000
		creator_id	11111111-1111-0000-0000-000100bba000
		owner_id	78552b80-87a1-4060-b318-b56704c91336
		last_owner_id	78552b80-87a1-4060-b318-b56704c91336
		group_id	00000000-0000-0000-0000-000000000000
	}
	sale_info	0
	{
		sale_type	not
		sale_price	10
	}
type 0
parameters 142
1 0
2 0
4 0
5 0
6 0
7 0
8 0
10 1.47
11 0
12 0
13 0
14 .13
15 0
17 -.41
18 .66
19 0
20 0
21 0
22 0
23 0
24 -.49
25 .05
26 0
27 0
28 .32
29 .62
30 .62
32 0
33 0
34 -.11
35 0
36 -.07
37 .58
38 .12
40 0
80 0
100 0
104 .15
105 .79
106 0
107 .64
151 .4
152 .54
153 0
155 .55
156 .15
157 .15
185 0
186 0
187 0
188 0
189 0
193 .5
194 .67
195 .33
196 0
505 .58
506 0
507 .91
515 0
517 0
518 0
626 .58
627 0
629 .5
630 0
631 0
633 .21
634 .21
635 .21
637 .21
646 0
647 0
648 0
649 .73
650 .6
651 0
652 .68
653 .23
655 -.08
656 0
657 .39
658 0
659 .64
660 0
661 0
662 .5
663 0
664 0
665 0
675 0
676 -.28
677 0
678 .5
679 -.08
680 -.08
681 -.08
682 .5
683 -.15
684 -.28
685 0
686 -.16
687 -.02
688 -.02
689 -.08
690 .46
691 -.02
692 0
693 .6
694 -.08
695 -.02
753 .51
756 0
758 0
759 .5
760 0
764 .25
765 0
767 -.36
768 -.36
769 .41
770 0
772 0
773 .5
794 0
795 .58
796 0
797 .21
798 0
799 .43
841 -.26
842 .18
843 0
853 -.26
854 .51
855 -.28
879 0
880 -.72
1103 0
1104 0
1105 0
11001 0
textures 0
