LLWearable version 22
AVA Male IST MACHINIMA Paul 5'

	permissions 0
	{
		base_mask	00082000
		owner_mask	00082000
		group_mask	00000000
		everyone_mask	00000000
		next_owner_mask	00082000
		creator_id	b5e8e95d-9694-4478-b1ae-468b63b46fe3
		owner_id	c07c31ca-c145-4470-a81f-05010112d7d3
		last_owner_id	c07c31ca-c145-4470-a81f-05010112d7d3
		group_id	00000000-0000-0000-0000-000000000000
	}
	sale_info	0
	{
		sale_type	not
		sale_price	10
	}
type 0
parameters 143
1 -.3
2 .12
4 -.27
5 1
6 .05
7 -.02
8 -.16
10 .8
11 .02
12 .64
13 .66
14 .29
15 0
17 -.06
18 -.26
19 -.03
20 -.06
21 .59
22 .59
23 .9
24 .11
25 1.5
26 .04
27 -.22
28 0
29 .28
30 .28
32 1
33 1.44
34 .4
35 0
36 -.14
37 -.14
38 0
40 1
80 1
100 1
104 .1
105 .56
106 0
151 0
152 .24
153 1
155 .18
156 .1
157 .1
185 -1
186 -.24
187 .29
188 0
189 .16
193 .58
194 -.84
195 -.42
196 -1.13
505 .47
506 .32
507 .18
515 -1
517 -.05
518 .83
626 .12
627 0
629 .5
630 0
631 0
633 .26
634 .26
635 .26
637 .26
646 -.24
647 .29
648 .47
649 .32
650 -.67
651 0
652 .58
653 .14
655 -.03
656 .44
657 .64
658 0
659 .73
660 0
661 0
662 .5
663 .24
664 .03
665 0
675 -.11
676 -.16
677 .34
678 .37
679 -.03
680 -.03
681 -.03
682 .64
683 -.14
684 .44
685 .3
686 -.04
687 -0
688 -0
689 -.02
690 .49
691 -0
692 .22
693 .36
694 -.03
695 -0
753 .27
756 -.6
758 -.3
759 1.3
760 -.78
764 .57
765 -.05
767 -.8
768 -.8
769 .3
770 -.02
772 -.02
773 .49
794 .13
795 .26
796 0
797 0
798 0
799 .5
841 0
842 -.46
843 0
853 0
854 .27
855 -.16
879 -.25
880 -.32
1103 0
1104 0
1105 0
1200 0
1201 0
11001 0
textures 0
