LLWearable version 22
DefaultShape_6

	permissions 0
	{
		base_mask	00082000
		owner_mask	00082000
		group_mask	00000000
		everyone_mask	00000000
		next_owner_mask	00082000
		creator_id	fd1cba31-e4d7-4599-ab92-31242e73f187
		owner_id	70e28c7d-c407-4cae-81ac-f87ec7752175
		last_owner_id	848154d2-3ead-4a81-a656-be21f90076ad
		group_id	00000000-0000-0000-0000-000000000000
	}
	sale_info	0
	{
		sale_type	not
		sale_price	10
	}
type 0
parameters 82
1 0
2 0
4 -.26
5 0
6 .13
7 0
8 0
10 .88
11 -.12
12 0
13 0
14 0
15 0
17 0
18 -.42
19 -.85
20 -.26
21 0
22 0
23 .54
24 -.31
25 0
27 0
33 1.01
34 .77
35 0
36 -.97
37 0
38 0
80 1
105 .5
155 -.09
157 0
185 0
193 .41
196 -.56
505 .67
506 .08
507 0
515 0
517 .14
518 0
629 .5
637 0
646 0
647 0
649 .5
650 -.12
652 .57
653 .02
656 0
659 .51
662 .5
663 0
664 0
665 0
675 0
676 0
678 .5
682 .49
683 0
684 0
685 0
690 .32
692 0
693 .6
753 0
756 0
758 -.63
759 .98
760 0
764 0
765 0
769 .4
773 .5
795 .25
796 0
799 .62
841 0
842 0
879 0
880 0
textures 0
